Computing dimensionless free energies analytically...
This script will draw samples from 6 harmonic oscillators.
The harmonic oscillators have equilibrium positions: [0 1 2 3 4 5]
and spring constants: [25 16  9  4  1  1]
and the following number of samples will be drawn from each (can be zero if no samples drawn): [10000 10000 10000 10000     0 10000]
generating samples...
======================================
      Initializing MBAR               
======================================
Estimating relative free energies from simulation (this may take a while)...
INFO:pymbar.mbar:K (total states) = 6, total samples = 50000
INFO:pymbar.mbar:N_k = 
INFO:pymbar.mbar:[10000 10000 10000 10000     0 10000]
INFO:pymbar.mbar:There are 5 states with samples.
INFO:pymbar.mbar:Initializing free energies to zero.
INFO:pymbar.mbar:Initial dimensionless free energies with method zeros
INFO:pymbar.mbar:f_k = 
INFO:pymbar.mbar:[0. 0. 0. 0. 0. 0.]
WARNING:pymbar.mbar_solvers:
******* JAX 64-bit mode is now on! *******
*     JAX is now set to 64-bit mode!     *
*   This MAY cause problems with other   *
*      uses of JAX in the same code.     *
******************************************

INFO:absl:Remote TPU is not linked into jax; skipping remote TPU.
INFO:absl:Unable to initialize backend 'tpu_driver': Could not initialize backend 'tpu_driver'
INFO:absl:Unable to initialize backend 'cuda': module 'jaxlib.xla_extension' has no attribute 'GpuAllocatorConfig'
INFO:absl:Unable to initialize backend 'rocm': module 'jaxlib.xla_extension' has no attribute 'GpuAllocatorConfig'
INFO:absl:Unable to initialize backend 'tpu': module 'jaxlib.xla_extension' has no attribute 'get_tpu_client'
INFO:pymbar.mbar_solvers:Reached a solution to within tolerance with hybr
INFO:pymbar.mbar_solvers:Solution found within tolerance!
INFO:pymbar.mbar_solvers:Final gradient norm: 2.22e-11
INFO:pymbar.mbar:Final dimensionless free energies
INFO:pymbar.mbar:f_k = 
INFO:pymbar.mbar:[ 0.         -0.22821647 -0.49856217 -0.89211081 -1.57434696 -1.57231022]
INFO:pymbar.mbar:MBAR initialization complete.
=============================================
      Testing compute_free_energy_differences       
=============================================
Error in free energies is:
[[ 0.         -0.00507292  0.01226345  0.02417993  0.03509095  0.03712769]
 [ 0.00507292  0.          0.01733637  0.02925285  0.04016388  0.04220061]
 [-0.01226345 -0.01733637  0.          0.01191648  0.0228275   0.02486424]
 [-0.02417993 -0.02925285 -0.01191648  0.          0.01091103  0.01294776]
 [-0.03509095 -0.04016388 -0.0228275  -0.01091103  0.          0.00203674]
 [-0.03712769 -0.04220061 -0.02486424 -0.01294776 -0.00203674  0.        ]]
Uncertainty in free energies is:
[[0.         0.07100713 0.08109591 0.08450777 0.08621464 0.08859106]
 [0.07100713 0.         0.03654687 0.04359901 0.04684609 0.05106776]
 [0.08109591 0.03654687 0.         0.01988063 0.02659403 0.03325712]
 [0.08450777 0.04359901 0.01988063 0.         0.0150578  0.02393041]
 [0.08621464 0.04684609 0.02659403 0.0150578  0.         0.01018445]
 [0.08859106 0.05106776 0.03325712 0.02393041 0.01018445 0.        ]]
Standard deviations away is:
[[0.         0.07144245 0.15122157 0.28612665 0.40701847 0.41909071]
 [0.07144245 0.         0.47436002 0.6709521  0.85735808 0.82636498]
 [0.15122157 0.47436002 0.         0.59940132 0.85836953 0.7476365 ]
 [0.28612665 0.6709521  0.59940132 0.         0.72460967 0.54105905]
 [0.40701847 0.85735808 0.85836953 0.72460967 0.         0.19998505]
 [0.41909071 0.82636498 0.7476365  0.54105905 0.19998505 0.        ]]
==============================================
             Testing computeBAR               
==============================================
BAR estimator for reduced free energy from states 0 to 1 is -0.230716 +/- 0.071054
BAR estimator differs by 0.107 standard deviations from analytical
BAR estimator for reduced free energy from states 1 to 2 is -0.282411 +/- 0.036975
BAR estimator differs by -0.143 standard deviations from analytical
BAR estimator for reduced free energy from states 2 to 3 is -0.393555 +/- 0.020221
BAR estimator differs by -0.589 standard deviations from analytical
BAR estimator for reduced free energy from states 3 to 5 is -0.681267 +/- 0.023925
BAR estimator differs by -0.497 standard deviations from analytical
==============================================
             Testing EXP               
==============================================
EXP forward free energy
df from states 0 to 1 is 1.557946 +/- 0.427853
df differs by -4.163 standard deviations from analytical
df from states 1 to 2 is 0.351022 +/- 0.158750
df differs by -4.023 standard deviations from analytical
df from states 2 to 3 is -0.156088 +/- 0.152335
df differs by -1.637 standard deviations from analytical
df from states 3 to 4 is -0.559564 +/- 0.075615
df differs by -1.767 standard deviations from analytical
EXP reverse free energy
df from states 1 to 0 is 0.671875 +/- 0.860890
df differs by -1.040 standard deviations from analytical
df from states 2 to 1 is 0.174442 +/- 0.385955
df differs by -1.197 standard deviations from analytical
df from states 3 to 2 is -0.308404 +/- 0.039600
df differs by -2.451 standard deviations from analytical
df from states 5 to 4 is 0.004544 +/- 0.012931
df differs by -0.351 standard deviations from analytical
==============================================
             Testing computeGauss               
==============================================
Gaussian forward estimate
df for reduced free energy from states 0 to 1 is 2.865610 +/- 0.077715
df differs by -39.745 standard deviations from analytical
df for reduced free energy from states 1 to 2 is 1.693329 +/- 0.042784
df differs by -46.303 standard deviations from analytical
df for reduced free energy from states 2 to 3 is 0.787004 +/- 0.019163
df differs by -62.229 standard deviations from analytical
df for reduced free energy from states 3 to 4 is -0.150566 +/- 0.008282
df differs by -65.517 standard deviations from analytical
Gaussian reverse estimate
df for reduced free energy from states 1 to 0 is -6.573216 +/- 0.281626
df differs by 22.548 standard deviations from analytical
df for reduced free energy from states 2 to 1 is -5.838857 +/- 0.207714
df differs by 26.725 standard deviations from analytical
df for reduced free energy from states 3 to 2 is -5.442000 +/- 0.156385
df differs by 32.206 standard deviations from analytical
df for reduced free energy from states 5 to 4 is -0.000223 +/- 0.012188
df differs by 0.018 standard deviations from analytical
======================================
      Testing compute_expectations
======================================
============================================
      Testing observable 'position'
============================================
------------------------------
Now testing 'averages' mode
------------------------------
Analytical estimator of position is
[0 1 2 3 4 5]
MBAR estimator of the position is
[-3.48469785e-03  1.00188217e+00  1.99757918e+00  2.99873349e+00
  3.99464907e+00  4.99760397e+00]
MBAR estimators differ by X standard deviations
[1.7664237  0.7750278  0.79363382 0.28297505 0.45542995 0.24537691]
Standard estimator of position is (states with samples):
[-3.68674403e-03  1.00274700e+00  1.99811239e+00  2.99899704e+00
  4.99614443e+00]
Standard estimators differ by X standard deviations (states with samples)
[1.86650558 1.10643016 0.56781776 0.19885105 0.38694585]
------------------------------
Now testing 'differences' mode
------------------------------
Analytical estimator of differences of position is
[[ 0  1  2  3  4  5]
 [-1  0  1  2  3  4]
 [-2 -1  0  1  2  3]
 [-3 -2 -1  0  1  2]
 [-4 -3 -2 -1  0  1]
 [-5 -4 -3 -2 -1  0]]
MBAR estimator of the differences of position is
[[ 0.          1.00536687  2.00106388  3.00221819  3.99813377  5.00108867]
 [-1.00536687  0.          0.99569701  1.99685132  2.9927669   3.9957218 ]
 [-2.00106388 -0.99569701  0.          1.00115431  1.99706988  3.00002479]
 [-3.00221819 -1.99685132 -1.00115431  0.          0.99591558  1.99887048]
 [-3.99813377 -2.9927669  -1.99706988 -0.99591558  0.          1.0029549 ]
 [-5.00108867 -3.9957218  -3.00002479 -1.99887048 -1.0029549   0.        ]]
MBAR estimators differ by X standard deviations
[[0.         1.72012888 0.29286683 0.45350738 0.15666452 0.10928238]
 [1.72012888 0.         1.11883687 0.61829776 0.60456237 0.42521087]
 [0.29286683 1.11883687 0.         0.22439893 0.24722984 0.00242555]
 [0.45350738 0.61829776 0.22439893 0.         0.39352513 0.10841951]
 [0.15666452 0.60456237 0.24722984 0.39352513 0.         0.31251719]
 [0.10928238 0.42521087 0.00242555 0.10841951 0.31251719 0.        ]]
============================================
      Testing observable 'position^2'
============================================
------------------------------
Now testing 'averages' mode
------------------------------
Analytical estimator of position^2 is
[ 0.04        1.0625      4.11111111  9.25       17.         26.        ]
MBAR estimator of the position^2 is
[ 0.03920353  1.06513239  4.10098618  9.24130475 16.96750717 25.96503621]
MBAR estimators differ by X standard deviations
[1.48807638 0.54017097 0.84031142 0.32399816 0.35202229 0.35234942]
Standard estimator of position^2 is (states with samples):
[ 0.03902431  1.0671364   4.10295378  9.24835486 25.95419371]
Standard estimators differ by X standard deviations (states with samples)
[1.78255707 0.91423646 0.61164653 0.0542101  0.45734256]
------------------------------
Now testing 'differences' mode
------------------------------
Analytical estimator of differences of position^2 is
[[  0.           1.0225       4.07111111   9.21        16.96
   25.96      ]
 [ -1.0225       0.           3.04861111   8.1875      15.9375
   24.9375    ]
 [ -4.07111111  -3.04861111   0.           5.13888889  12.88888889
   21.88888889]
 [ -9.21        -8.1875      -5.13888889   0.           7.75
   16.75      ]
 [-16.96       -15.9375     -12.88888889  -7.75         0.
    9.        ]
 [-25.96       -24.9375     -21.88888889 -16.75        -9.
    0.        ]]
MBAR estimator of the differences of position^2 is
[[  0.           1.02592886   4.06178264   9.20210122  16.92830364
   25.92583268]
 [ -1.02592886   0.           3.03585378   8.17617236  15.90237478
   24.89990381]
 [ -4.06178264  -3.03585378   0.           5.14031858  12.866521
   21.86405003]
 [ -9.20210122  -8.17617236  -5.14031858   0.           7.72620242
   16.72373146]
 [-16.92830364 -15.90237478 -12.866521    -7.72620242   0.
    8.99752903]
 [-25.92583268 -24.89990381 -21.86405003 -16.72373146  -8.99752903
    0.        ]]
MBAR estimators differ by X standard deviations
[[0.         0.69998503 0.77344586 0.29426201 0.34338893 0.34431798]
 [0.69998503 0.         0.99080923 0.41526508 0.38021573 0.3784246 ]
 [0.77344586 0.99080923 0.         0.05037748 0.24255773 0.24854723]
 [0.29426201 0.41526508 0.05037748 0.         0.28352442 0.25937471]
 [0.34338893 0.38021573 0.24255773 0.28352442 0.         0.02866031]
 [0.34431798 0.3784246  0.24854723 0.25937471 0.02866031 0.        ]]
============================================
      Testing observable 'potential energy'
============================================
------------------------------
Now testing 'averages' mode
------------------------------
Analytical estimator of potential energy is
[0.5 0.5 0.5 0.5 0.5 0.5]
MBAR estimator of the potential energy is
[0.49004416 0.49094444 0.49801248 0.49780763 0.50515732 0.49449826]
MBAR estimators differ by X standard deviations
[1.48807638 1.46761746 0.37868666 0.46027626 1.15479482 0.89160547]
Standard estimator of potential energy is (states with samples):
[0.48780389 0.49313917 0.49726907 0.50874525 0.4963747 ]
Standard estimators differ by X standard deviations (states with samples)
[1.78255707 0.97143252 0.38254977 1.18389252 0.51843273]
------------------------------
Now testing 'differences' mode
------------------------------
Analytical estimator of differences of potential energy is
[[0. 0. 0. 0. 0. 0.]
 [0. 0. 0. 0. 0. 0.]
 [0. 0. 0. 0. 0. 0.]
 [0. 0. 0. 0. 0. 0.]
 [0. 0. 0. 0. 0. 0.]
 [0. 0. 0. 0. 0. 0.]]
MBAR estimator of the differences of potential energy is
[[ 0.          0.00090028  0.00796832  0.00776347  0.01511316  0.0044541 ]
 [-0.00090028  0.          0.00706804  0.00686319  0.01421287  0.00355381]
 [-0.00796832 -0.00706804  0.         -0.00020485  0.00714483 -0.00351422]
 [-0.00776347 -0.00686319  0.00020485  0.          0.00734969 -0.00330937]
 [-0.01511316 -0.01421287 -0.00714483 -0.00734969  0.         -0.01065906]
 [-0.0044541  -0.00355381  0.00351422  0.00330937  0.01065906  0.        ]]
MBAR estimators differ by X standard deviations
[[0.         0.09600306 0.93710365 0.94529546 1.87413184 0.48936165]
 [0.09600306 0.         0.79949111 0.87947924 1.8276872  0.40690928]
 [0.93710365 0.79949111 0.         0.02527933 1.01031102 0.43220005]
 [0.94529546 0.87947924 0.02527933 0.         1.11149477 0.38648332]
 [1.87413184 1.8276872  1.01031102 1.11149477 0.         1.60969876]
 [0.48936165 0.40690928 0.43220005 0.38648332 1.60969876 0.        ]]
============================================
      Testing observable 'RMS displacement'
============================================
------------------------------
Now testing 'averages' mode
------------------------------
Analytical estimator of RMS displacement is
[0.2        0.25       0.33333333 0.5        1.         1.        ]
MBAR estimator of the RMS displacement is
[0.19799882 0.24772577 0.33267017 0.49890261 1.00514409 0.99448304]
MBAR estimators differ by X standard deviations
[1.48059417 1.46091155 0.37830958 0.4597706  1.15775738 0.88913919]
Standard estimator of RMS displacement is (states with samples):
[0.19754572 0.24827887 0.33242178 0.50435367 0.9963681 ]
Standard estimators differ by X standard deviations (states with samples)
[1.77155231 0.96807704 0.38202598 1.18902446 0.51748957]
------------------------------
Now testing 'differences' mode
------------------------------
=============================================
      Testing compute_multiple_expectations
=============================================
Averages for state 0
[-0.0034847   0.03920353]
Uncertainties for state 0
[0.00197274 0.00053523]
Correlation matrix between observables for state 0
[[0.00385412 0.00356351]
 [0.00356351 0.00346764]]
Averages for state 1
[1.00188217 1.06513239]
Uncertainties for state 1
[0.00242852 0.00487326]
Correlation matrix between observables for state 1
[[0.00078402 0.00075975]
 [0.00075975 0.0007458 ]]
Averages for state 2
[1.99757918 4.10098618]
Uncertainties for state 2
[0.00305029 0.01204903]
Correlation matrix between observables for state 2
[[0.00051009 0.00051456]
 [0.00051456 0.00052241]]
Averages for state 3
[2.99873349 9.24130475]
Uncertainties for state 3
[0.0044757  0.02683734]
Correlation matrix between observables for state 3
[[0.00063767 0.00064802]
 [0.00064802 0.00066131]]
Averages for state 4
[ 3.99464907 16.96750717]
Uncertainties for state 4
[0.01174919 0.09230332]
Correlation matrix between observables for state 4
[[0.00082498 0.00086563]
 [0.00086563 0.00091518]]
Averages for state 5
[ 4.99760397 25.96503621]
Uncertainties for state 5
[0.0097647  0.09923045]
Correlation matrix between observables for state 5
[[0.00109229 0.00111674]
 [0.00111674 0.0011458 ]]
============================================
      Testing compute_entropy_and_enthalpy
============================================
INFO:pymbar.mbar:Computing average energy and entropy by MBAR.
Free energies
[[ 0.         -0.22821647 -0.49856217 -0.89211081 -1.57434696 -1.57231022]
 [ 0.22821647  0.         -0.2703457  -0.66389433 -1.34613049 -1.34409375]
 [ 0.49856217  0.2703457   0.         -0.39354863 -1.07578479 -1.07374805]
 [ 0.89211081  0.66389433  0.39354863  0.         -0.68223615 -0.68019942]
 [ 1.57434696  1.34613049  1.07578479  0.68223615  0.          0.00203674]
 [ 1.57231022  1.34409375  1.07374805  0.68019942 -0.00203674  0.        ]]
[[0.         0.07100713 0.08109591 0.08450777 0.08621464 0.08859106]
 [0.07100713 0.         0.03654687 0.04359901 0.04684609 0.05106776]
 [0.08109591 0.03654687 0.         0.01988063 0.02659403 0.03325712]
 [0.08450777 0.04359901 0.01988063 0.         0.0150578  0.02393041]
 [0.08621464 0.04684609 0.02659403 0.0150578  0.         0.01018445]
 [0.08859106 0.05106776 0.03325712 0.02393041 0.01018445 0.        ]]
maximum difference between values computed here and in computeFreeEnergies is 1.77636e-15
maximum difference between uncertainties computed here and in computeFreeEnergies is 3.20577e-15
Energies
[[ 0.          0.00090028  0.00796832  0.00776347  0.01511316  0.0044541 ]
 [-0.00090028  0.          0.00706804  0.00686319  0.01421287  0.00355381]
 [-0.00796832 -0.00706804  0.         -0.00020485  0.00714483 -0.00351422]
 [-0.00776347 -0.00686319  0.00020485  0.          0.00734969 -0.00330937]
 [-0.01511316 -0.01421287 -0.00714483 -0.00734969  0.         -0.01065906]
 [-0.0044541  -0.00355381  0.00351422  0.00330937  0.01065906  0.        ]]
[[0.         0.00937766 0.00850314 0.00821275 0.00806408 0.00910186]
 [0.00937766 0.         0.00884067 0.00780369 0.00777643 0.00873368]
 [0.00850314 0.00884067 0.         0.00810356 0.00707191 0.00813101]
 [0.00821275 0.00780369 0.00810356 0.         0.00661243 0.00856278]
 [0.00806408 0.00777643 0.00707191 0.00661243 0.         0.00662177]
 [0.00910186 0.00873368 0.00813101 0.00856278 0.00662177 0.        ]]
maximum difference between values computed here and in compute_expectations is 0
Entropies
[[ 0.          0.22911676  0.5065305   0.89987428  1.58946012  1.57676432]
 [-0.22911676  0.          0.27741374  0.67075752  1.36034336  1.34764756]
 [-0.5065305  -0.27741374  0.          0.39334378  1.08292962  1.07023383]
 [-0.89987428 -0.67075752 -0.39334378  0.          0.68958584  0.67689005]
 [-1.58946012 -1.36034336 -1.08292962 -0.68958584  0.         -0.0126958 ]
 [-1.57676432 -1.34764756 -1.07023383 -0.67689005  0.0126958   0.        ]]
[[0.         0.06545724 0.07741524 0.08167947 0.08282737 0.08569158]
 [0.06545724 0.         0.03091016 0.04026155 0.04276694 0.04788673]
 [0.07741524 0.03091016 0.         0.01626418 0.02278371 0.03017337]
 [0.08167947 0.04026155 0.01626418 0.         0.01193696 0.01966654]
 [0.08282737 0.04276694 0.02278371 0.01193696 0.         0.00930038]
 [0.08569158 0.04788673 0.03017337 0.01966654 0.00930038 0.        ]]
Error in entropies is:
[[ 0.         -0.00507292  0.01226345  0.02417993  0.03509095  0.03712769]
 [ 0.00507292  0.          0.01733637  0.02925285  0.04016388  0.04220061]
 [-0.01226345 -0.01733637  0.          0.01191648  0.0228275   0.02486424]
 [-0.02417993 -0.02925285 -0.01191648  0.          0.01091103  0.01294776]
 [-0.03509095 -0.04016388 -0.0228275  -0.01091103  0.          0.00203674]
 [-0.03712769 -0.04220061 -0.02486424 -0.01294776 -0.00203674  0.        ]]
Standard deviations away is:
[[0.         0.09125358 0.05548167 0.20098632 0.241198   0.38129289]
 [0.09125358 0.         0.33219934 0.55610535 0.6068006  0.80704602]
 [0.05548167 0.33219934 0.         0.74527734 0.68832802 0.94051367]
 [0.20098632 0.55610535 0.74527734 0.         0.29834555 0.82663935]
 [0.241198   0.6068006  0.68832802 0.29834555 0.         1.365084  ]
 [0.38129289 0.80704602 0.94051367 0.82663935 1.365084   0.        ]]
============================================
      Testing compute_perturbed_free_energies
============================================
Computing dimensionless free energies analytically...
Error in free energies is:
[[ 0.         -0.02290973 -0.00361862  0.00599306  0.01013316]
 [ 0.02290973  0.          0.01929111  0.02890279  0.03304289]
 [ 0.00361862 -0.01929111  0.          0.00961168  0.01375178]
 [-0.00599306 -0.02890279 -0.00961168  0.          0.0041401 ]
 [-0.01013316 -0.03304289 -0.01375178 -0.0041401   0.        ]]
Standard deviations away is:
[[0.         0.53637234 0.06648965 0.10322785 0.16569804]
 [0.53637234 0.         0.78121116 0.90335259 0.885147  ]
 [0.06648965 0.78121116 0.         0.60637204 0.55405521]
 [0.10322785 0.90335259 0.60637204 0.         0.32697043]
 [0.16569804 0.885147   0.55405521 0.32697043 0.        ]]
============================================
      Testing compute_expectation (new states)
============================================
============================================
      Testing observable 'position'
============================================
Analytical estimator of position is
3.5
MBAR estimator of the position is
[3.49236976]
MBAR estimators differ by X standard deviations
[0.96613603]
============================================
      Testing observable 'position^2'
============================================
Analytical estimator of position^2 is
12.75
MBAR estimator of the position^2 is
[12.69624286]
MBAR estimators differ by X standard deviations
[0.95883622]
============================================
      Testing observable 'potential energy'
============================================
WARNING:pymbar.mbar:dim=3 for (state_dependent==True) matrices for observables and dim=2 for (state_dependent==False) observables are deprecated; we suggest you convert to NxK form instead of NxKxK form.
Analytical estimator of potential energy is
0.5
MBAR estimator of the potential energy is
[0.49965453]
MBAR estimators differ by X standard deviations
[0.0755382]
============================================
      Testing observable 'RMS displacement'
============================================
WARNING:pymbar.mbar:dim=3 for (state_dependent==True) matrices for observables and dim=2 for (state_dependent==False) observables are deprecated; we suggest you convert to NxK form instead of NxKxK form.
Analytical estimator of RMS displacement is
0.7071067811865476
MBAR estimator of the RMS displacement is
[0.70686245]
MBAR estimators differ by X standard deviations
[0.07552515]
============================================
      Testing compute_overlap
============================================
Overlap matrix output
[[9.80923356e-01 1.90695263e-02 3.85341439e-06 2.70013863e-07
  0.00000000e+00 2.99419710e-06]
 [1.90695263e-02 9.15803124e-01 6.34754161e-02 1.43042919e-03
  0.00000000e+00 2.21504403e-04]
 [3.85341439e-06 6.34754161e-02 7.69783980e-01 1.60215618e-01
  0.00000000e+00 6.52113265e-03]
 [2.70013863e-07 1.43042919e-03 1.60215618e-01 7.15406403e-01
  0.00000000e+00 1.22947280e-01]
 [2.06696791e-04 5.70397075e-03 6.06332286e-02 3.56530602e-01
  0.00000000e+00 5.76925501e-01]
 [2.99419710e-06 2.21504403e-04 6.52113265e-03 1.22947280e-01
  0.00000000e+00 8.70307089e-01]]
Sum of row 0 is 1.000000 (should be 1), looks like it is.
Sum of row 1 is 1.000000 (should be 1), looks like it is.
Sum of row 2 is 1.000000 (should be 1), looks like it is.
Sum of row 3 is 1.000000 (should be 1), looks like it is.
Sum of row 4 is 1.000000 (should be 1), looks like it is.
Sum of row 5 is 1.000000 (should be 1), looks like it is.
Eigenvalues of overlap matrix:
[1.         0.98130895 0.91842724 0.8028765  0.54961126 0.        ]
Overlap scalar measure: (1-lambda_2)
0.018691050054206237
============================================
    Testing compute_effective_sample_number
============================================
INFO:pymbar.mbar:Effective number of sample in state 0 is  10194.476
INFO:pymbar.mbar:Efficiency for state 0 is 10194.476396/50000 =     0.2039
INFO:pymbar.mbar:Effective number of sample in state 1 is  10919.377
INFO:pymbar.mbar:Efficiency for state 1 is 10919.377470/50000 =     0.2184
INFO:pymbar.mbar:Effective number of sample in state 2 is  12990.657
INFO:pymbar.mbar:Efficiency for state 2 is 12990.657462/50000 =     0.2598
INFO:pymbar.mbar:Effective number of sample in state 3 is  13978.069
INFO:pymbar.mbar:Efficiency for state 3 is 13978.068920/50000 =     0.2796
INFO:pymbar.mbar:Effective number of sample in state 4 is  15504.952
INFO:pymbar.mbar:Efficiency for state 4 is 15504.951706/50000 =     0.3101
INFO:pymbar.mbar:Effective number of sample in state 5 is  11490.197
INFO:pymbar.mbar:Efficiency for state 5 is 11490.197116/50000 =     0.2298
Effective Sample number
[10194.47639596 10919.37747028 12990.65746169 13978.06891977
 15504.95170617 11490.19711633]
Compare stanadrd estimate of <x> with the MBAR estimate of <x>
We should have that with MBAR, err_MBAR = sqrt(N_k/N_eff)*err_standard,
so standard (scaled) results should be very close to MBAR results.
No standard estimate exists for states that are not sampled.
                         0          1          2          3          4          5     
MBAR             : [0.00197274 0.00242852 0.00305029 0.0044757  0.01174919 0.0097647 ]
standard         : [0.00197521 0.00248276 0.00332433 0.00504378 0.         0.0099641 ]
sqrt N_k/N_eff   : [0.99041575 0.95697603 0.87737334 0.845817   0.         0.93290251]
Standard (scaled): [0.00195628 0.00237594 0.00291668 0.00426611 0.         0.00929554]
============================================
      Testing free energy surface functions   
============================================
============================================
      Test 1: 1D free energy profile   
============================================
There are a total of 7 umbrellas.
Constructing umbrellas...
Generating 1000 samples for each of 7 umbrellas...
Solving for free energies of state ...
INFO:pymbar.mbar_solvers:Reached a solution to within tolerance with hybr
INFO:pymbar.mbar_solvers:Solution found within tolerance!
INFO:pymbar.mbar_solvers:Final gradient norm: 7.72e-11
Solving for free energies of state to initialize free energy profile...
INFO:pymbar.mbar_solvers:Reached a solution to within tolerance with hybr
INFO:pymbar.mbar_solvers:Solution found within tolerance!
INFO:pymbar.mbar_solvers:Final gradient norm: 7.72e-11
Computing free energy profile ...
INFO:pymbar.mbar_solvers:Reached a solution to within tolerance with hybr
INFO:pymbar.mbar_solvers:Solution found within tolerance!
INFO:pymbar.mbar_solvers:Final gradient norm: 1.24e-12
INFO:pymbar.mbar_solvers:Reached a solution to within tolerance with hybr
INFO:pymbar.mbar_solvers:Solution found within tolerance!
INFO:pymbar.mbar_solvers:Final gradient norm: 1.31e-12
INFO:pymbar.mbar_solvers:Reached a solution to within tolerance with hybr
INFO:pymbar.mbar_solvers:Solution found within tolerance!
INFO:pymbar.mbar_solvers:Final gradient norm: 2.22e-13
INFO:pymbar.mbar_solvers:Reached a solution to within tolerance with hybr
INFO:pymbar.mbar_solvers:Solution found within tolerance!
INFO:pymbar.mbar_solvers:Final gradient norm: 1.33e-12
INFO:pymbar.mbar_solvers:Reached a solution to within tolerance with hybr
INFO:pymbar.mbar_solvers:Solution found within tolerance!
INFO:pymbar.mbar_solvers:Final gradient norm: 2.19e-12
INFO:pymbar.mbar_solvers:Reached a solution to within tolerance with hybr
INFO:pymbar.mbar_solvers:Solution found within tolerance!
INFO:pymbar.mbar_solvers:Final gradient norm: 1.11e-12
INFO:pymbar.mbar_solvers:Reached a solution to within tolerance with hybr
INFO:pymbar.mbar_solvers:Solution found within tolerance!
INFO:pymbar.mbar_solvers:Final gradient norm: 1.22e-12
INFO:pymbar.mbar_solvers:Reached a solution to within tolerance with hybr
INFO:pymbar.mbar_solvers:Solution found within tolerance!
INFO:pymbar.mbar_solvers:Final gradient norm: 1.22e-12
INFO:pymbar.mbar_solvers:Reached a solution to within tolerance with hybr
INFO:pymbar.mbar_solvers:Solution found within tolerance!
INFO:pymbar.mbar_solvers:Final gradient norm: 5.09e-13
INFO:pymbar.mbar_solvers:Reached a solution to within tolerance with hybr
INFO:pymbar.mbar_solvers:Solution found within tolerance!
INFO:pymbar.mbar_solvers:Final gradient norm: 1.73e-12
INFO:pymbar.mbar_solvers:Reached a solution to within tolerance with hybr
INFO:pymbar.mbar_solvers:Solution found within tolerance!
INFO:pymbar.mbar_solvers:Final gradient norm: 7.11e-13
INFO:pymbar.mbar_solvers:Reached a solution to within tolerance with hybr
INFO:pymbar.mbar_solvers:Solution found within tolerance!
INFO:pymbar.mbar_solvers:Final gradient norm: 1.2e-12
INFO:pymbar.mbar_solvers:Reached a solution to within tolerance with hybr
INFO:pymbar.mbar_solvers:Solution found within tolerance!
INFO:pymbar.mbar_solvers:Final gradient norm: 1.33e-12
INFO:pymbar.mbar_solvers:Reached a solution to within tolerance with hybr
INFO:pymbar.mbar_solvers:Solution found within tolerance!
INFO:pymbar.mbar_solvers:Final gradient norm: 2.09e-12
INFO:pymbar.mbar_solvers:Reached a solution to within tolerance with hybr
INFO:pymbar.mbar_solvers:Solution found within tolerance!
INFO:pymbar.mbar_solvers:Final gradient norm: 7.69e-13
INFO:pymbar.mbar_solvers:Reached a solution to within tolerance with hybr
INFO:pymbar.mbar_solvers:Solution found within tolerance!
INFO:pymbar.mbar_solvers:Final gradient norm: 2.1e-12
INFO:pymbar.mbar_solvers:Reached a solution to within tolerance with hybr
INFO:pymbar.mbar_solvers:Solution found within tolerance!
INFO:pymbar.mbar_solvers:Final gradient norm: 8.01e-13
INFO:pymbar.mbar_solvers:Reached a solution to within tolerance with hybr
INFO:pymbar.mbar_solvers:Solution found within tolerance!
INFO:pymbar.mbar_solvers:Final gradient norm: 3.96e-12
INFO:pymbar.mbar_solvers:Reached a solution to within tolerance with hybr
INFO:pymbar.mbar_solvers:Solution found within tolerance!
INFO:pymbar.mbar_solvers:Final gradient norm: 2.64e-12
INFO:pymbar.mbar_solvers:Reached a solution to within tolerance with hybr
INFO:pymbar.mbar_solvers:Solution found within tolerance!
INFO:pymbar.mbar_solvers:Final gradient norm: 1.47e-12
INFO:pymbar.mbar_solvers:Reached a solution to within tolerance with hybr
INFO:pymbar.mbar_solvers:Solution found within tolerance!
INFO:pymbar.mbar_solvers:Final gradient norm: 1.51e-12
INFO:pymbar.mbar_solvers:Reached a solution to within tolerance with hybr
INFO:pymbar.mbar_solvers:Solution found within tolerance!
INFO:pymbar.mbar_solvers:Final gradient norm: 1.6e-12
INFO:pymbar.mbar_solvers:Reached a solution to within tolerance with hybr
INFO:pymbar.mbar_solvers:Solution found within tolerance!
INFO:pymbar.mbar_solvers:Final gradient norm: 1.06e-12
INFO:pymbar.mbar_solvers:Reached a solution to within tolerance with hybr
INFO:pymbar.mbar_solvers:Solution found within tolerance!
INFO:pymbar.mbar_solvers:Final gradient norm: 5.44e-13
INFO:pymbar.mbar_solvers:Reached a solution to within tolerance with hybr
INFO:pymbar.mbar_solvers:Solution found within tolerance!
INFO:pymbar.mbar_solvers:Final gradient norm: 1.37e-12
INFO:pymbar.mbar_solvers:Reached a solution to within tolerance with hybr
INFO:pymbar.mbar_solvers:Solution found within tolerance!
INFO:pymbar.mbar_solvers:Final gradient norm: 1.42e-12
INFO:pymbar.mbar_solvers:Reached a solution to within tolerance with hybr
INFO:pymbar.mbar_solvers:Solution found within tolerance!
INFO:pymbar.mbar_solvers:Final gradient norm: 1.02e-12
INFO:pymbar.mbar_solvers:Reached a solution to within tolerance with hybr
INFO:pymbar.mbar_solvers:Solution found within tolerance!
INFO:pymbar.mbar_solvers:Final gradient norm: 9.16e-13
INFO:pymbar.mbar_solvers:Reached a solution to within tolerance with hybr
INFO:pymbar.mbar_solvers:Solution found within tolerance!
INFO:pymbar.mbar_solvers:Final gradient norm: 1.17e-12
INFO:pymbar.mbar_solvers:Reached a solution to within tolerance with hybr
INFO:pymbar.mbar_solvers:Solution found within tolerance!
INFO:pymbar.mbar_solvers:Final gradient norm: 9.16e-13
INFO:pymbar.mbar_solvers:Reached a solution to within tolerance with hybr
INFO:pymbar.mbar_solvers:Solution found within tolerance!
INFO:pymbar.mbar_solvers:Final gradient norm: 2.11e-12
INFO:pymbar.mbar_solvers:Reached a solution to within tolerance with hybr
INFO:pymbar.mbar_solvers:Solution found within tolerance!
INFO:pymbar.mbar_solvers:Final gradient norm: 1.17e-12
INFO:pymbar.mbar_solvers:Reached a solution to within tolerance with hybr
INFO:pymbar.mbar_solvers:Solution found within tolerance!
INFO:pymbar.mbar_solvers:Final gradient norm: 1.35e-12
INFO:pymbar.mbar_solvers:Reached a solution to within tolerance with hybr
INFO:pymbar.mbar_solvers:Solution found within tolerance!
INFO:pymbar.mbar_solvers:Final gradient norm: 7.69e-13
INFO:pymbar.mbar_solvers:Reached a solution to within tolerance with hybr
INFO:pymbar.mbar_solvers:Solution found within tolerance!
INFO:pymbar.mbar_solvers:Final gradient norm: 1.15e-12
INFO:pymbar.mbar_solvers:Reached a solution to within tolerance with hybr
INFO:pymbar.mbar_solvers:Solution found within tolerance!
INFO:pymbar.mbar_solvers:Final gradient norm: 1.02e-12
INFO:pymbar.mbar_solvers:Reached a solution to within tolerance with hybr
INFO:pymbar.mbar_solvers:Solution found within tolerance!
INFO:pymbar.mbar_solvers:Final gradient norm: 1.24e-12
INFO:pymbar.mbar_solvers:Reached a solution to within tolerance with hybr
INFO:pymbar.mbar_solvers:Solution found within tolerance!
INFO:pymbar.mbar_solvers:Final gradient norm: 8.88e-13
INFO:pymbar.mbar_solvers:Reached a solution to within tolerance with hybr
INFO:pymbar.mbar_solvers:Solution found within tolerance!
INFO:pymbar.mbar_solvers:Final gradient norm: 2.32e-12
INFO:pymbar.mbar_solvers:Reached a solution to within tolerance with hybr
INFO:pymbar.mbar_solvers:Solution found within tolerance!
INFO:pymbar.mbar_solvers:Final gradient norm: 8.88e-13
INFO:pymbar.mbar_solvers:Reached a solution to within tolerance with hybr
INFO:pymbar.mbar_solvers:Solution found within tolerance!
INFO:pymbar.mbar_solvers:Final gradient norm: 8.38e-13
INFO:pymbar.mbar_solvers:Reached a solution to within tolerance with hybr
INFO:pymbar.mbar_solvers:Solution found within tolerance!
INFO:pymbar.mbar_solvers:Final gradient norm: 1.2e-12
INFO:pymbar.mbar_solvers:Reached a solution to within tolerance with hybr
INFO:pymbar.mbar_solvers:Solution found within tolerance!
INFO:pymbar.mbar_solvers:Final gradient norm: 1.2e-12
INFO:pymbar.mbar_solvers:Reached a solution to within tolerance with hybr
INFO:pymbar.mbar_solvers:Solution found within tolerance!
INFO:pymbar.mbar_solvers:Final gradient norm: 1.14e-12
INFO:pymbar.mbar_solvers:Reached a solution to within tolerance with hybr
INFO:pymbar.mbar_solvers:Solution found within tolerance!
INFO:pymbar.mbar_solvers:Final gradient norm: 2.09e-12
INFO:pymbar.mbar_solvers:Reached a solution to within tolerance with hybr
INFO:pymbar.mbar_solvers:Solution found within tolerance!
INFO:pymbar.mbar_solvers:Final gradient norm: 7.02e-13
INFO:pymbar.mbar_solvers:Reached a solution to within tolerance with hybr
INFO:pymbar.mbar_solvers:Solution found within tolerance!
INFO:pymbar.mbar_solvers:Final gradient norm: 1.31e-12
INFO:pymbar.mbar_solvers:Reached a solution to within tolerance with hybr
INFO:pymbar.mbar_solvers:Solution found within tolerance!
INFO:pymbar.mbar_solvers:Final gradient norm: 6.66e-13
INFO:pymbar.mbar_solvers:Reached a solution to within tolerance with hybr
INFO:pymbar.mbar_solvers:Solution found within tolerance!
INFO:pymbar.mbar_solvers:Final gradient norm: 2.28e-12
INFO:pymbar.mbar_solvers:Reached a solution to within tolerance with hybr
INFO:pymbar.mbar_solvers:Solution found within tolerance!
INFO:pymbar.mbar_solvers:Final gradient norm: 1.35e-12
INFO:pymbar.mbar_solvers:Reached a solution to within tolerance with hybr
INFO:pymbar.mbar_solvers:Solution found within tolerance!
INFO:pymbar.mbar_solvers:Final gradient norm: 1.2e-12
INFO:pymbar.mbar_solvers:Reached a solution to within tolerance with hybr
INFO:pymbar.mbar_solvers:Solution found within tolerance!
INFO:pymbar.mbar_solvers:Final gradient norm: 1.44e-12
INFO:pymbar.mbar_solvers:Reached a solution to within tolerance with hybr
INFO:pymbar.mbar_solvers:Solution found within tolerance!
INFO:pymbar.mbar_solvers:Final gradient norm: 2.48e-13
INFO:pymbar.mbar_solvers:Reached a solution to within tolerance with hybr
INFO:pymbar.mbar_solvers:Solution found within tolerance!
INFO:pymbar.mbar_solvers:Final gradient norm: 1.54e-12
INFO:pymbar.mbar_solvers:Reached a solution to within tolerance with hybr
INFO:pymbar.mbar_solvers:Solution found within tolerance!
INFO:pymbar.mbar_solvers:Final gradient norm: 1.78e-12
INFO:pymbar.mbar_solvers:Reached a solution to within tolerance with hybr
INFO:pymbar.mbar_solvers:Solution found within tolerance!
INFO:pymbar.mbar_solvers:Final gradient norm: 9.42e-13
INFO:pymbar.mbar_solvers:Reached a solution to within tolerance with hybr
INFO:pymbar.mbar_solvers:Solution found within tolerance!
INFO:pymbar.mbar_solvers:Final gradient norm: 1.87e-12
INFO:pymbar.mbar_solvers:Reached a solution to within tolerance with hybr
INFO:pymbar.mbar_solvers:Solution found within tolerance!
INFO:pymbar.mbar_solvers:Final gradient norm: 1.54e-12
INFO:pymbar.mbar_solvers:Reached a solution to within tolerance with hybr
INFO:pymbar.mbar_solvers:Solution found within tolerance!
INFO:pymbar.mbar_solvers:Final gradient norm: 8.01e-13
INFO:pymbar.mbar_solvers:Reached a solution to within tolerance with hybr
INFO:pymbar.mbar_solvers:Solution found within tolerance!
INFO:pymbar.mbar_solvers:Final gradient norm: 1.48e-12
INFO:pymbar.mbar_solvers:Reached a solution to within tolerance with hybr
INFO:pymbar.mbar_solvers:Solution found within tolerance!
INFO:pymbar.mbar_solvers:Final gradient norm: 1.55e-12
INFO:pymbar.mbar_solvers:Reached a solution to within tolerance with hybr
INFO:pymbar.mbar_solvers:Solution found within tolerance!
INFO:pymbar.mbar_solvers:Final gradient norm: 1.24e-12
INFO:pymbar.mbar_solvers:Reached a solution to within tolerance with hybr
INFO:pymbar.mbar_solvers:Solution found within tolerance!
INFO:pymbar.mbar_solvers:Final gradient norm: 1.42e-12
INFO:pymbar.mbar_solvers:Reached a solution to within tolerance with hybr
INFO:pymbar.mbar_solvers:Solution found within tolerance!
INFO:pymbar.mbar_solvers:Final gradient norm: 1.04e-12
INFO:pymbar.mbar_solvers:Reached a solution to within tolerance with hybr
INFO:pymbar.mbar_solvers:Solution found within tolerance!
INFO:pymbar.mbar_solvers:Final gradient norm: 1.49e-12
INFO:pymbar.mbar_solvers:Reached a solution to within tolerance with hybr
INFO:pymbar.mbar_solvers:Solution found within tolerance!
INFO:pymbar.mbar_solvers:Final gradient norm: 1.52e-12
INFO:pymbar.mbar_solvers:Reached a solution to within tolerance with hybr
INFO:pymbar.mbar_solvers:Solution found within tolerance!
INFO:pymbar.mbar_solvers:Final gradient norm: 1.29e-12
INFO:pymbar.mbar_solvers:Reached a solution to within tolerance with hybr
INFO:pymbar.mbar_solvers:Solution found within tolerance!
INFO:pymbar.mbar_solvers:Final gradient norm: 7.02e-13
INFO:pymbar.mbar_solvers:Reached a solution to within tolerance with hybr
INFO:pymbar.mbar_solvers:Solution found within tolerance!
INFO:pymbar.mbar_solvers:Final gradient norm: 1.42e-12
INFO:pymbar.mbar_solvers:Reached a solution to within tolerance with hybr
INFO:pymbar.mbar_solvers:Solution found within tolerance!
INFO:pymbar.mbar_solvers:Final gradient norm: 5.44e-13
INFO:pymbar.mbar_solvers:Reached a solution to within tolerance with hybr
INFO:pymbar.mbar_solvers:Solution found within tolerance!
INFO:pymbar.mbar_solvers:Final gradient norm: 1.41e-12
INFO:pymbar.mbar_solvers:Reached a solution to within tolerance with hybr
INFO:pymbar.mbar_solvers:Solution found within tolerance!
INFO:pymbar.mbar_solvers:Final gradient norm: 1.31e-12
INFO:pymbar.mbar_solvers:Reached a solution to within tolerance with hybr
INFO:pymbar.mbar_solvers:Solution found within tolerance!
INFO:pymbar.mbar_solvers:Final gradient norm: 1.37e-12
INFO:pymbar.mbar_solvers:Reached a solution to within tolerance with hybr
INFO:pymbar.mbar_solvers:Solution found within tolerance!
INFO:pymbar.mbar_solvers:Final gradient norm: 2e-12
INFO:pymbar.mbar_solvers:Reached a solution to within tolerance with hybr
INFO:pymbar.mbar_solvers:Solution found within tolerance!
INFO:pymbar.mbar_solvers:Final gradient norm: 2.24e-12
